  1  1  1  1  0  1  1  1  1  1  1  1  1  1
  0
  5  0  4  4  4  4  7  4  4  6  3  
1.0         5.548896254 2465.267886 893.7224571 232.0057435 -678.0432218
1.0         2.723723035 -347.323390 -65.4127938 -325.784408 369.67564390
1.0         1.681280439 -61.3208064 -149.435050 59.13061019 33.952857652
1.0         0.466317650 -10.9900488 -17.0907660 -4.62962596 8.8748903614
1.0         0.094402523 .3049772371 -1.35443107 -.713837836 .68845199427
1.0         7.592448734 -63.1568391 -3.16995394 -44.7093075 39.956674217
1.0         3.575465151 203.9659207 -76.0733235 111.5400043 -24.60367887
1.0         1.801673755 51.84021678 3.161697487 19.14661786 8.4802882199
1.0         0.951847890 -1.89085237 5.359274742 -3.43650415 4.4538829495
1.0         6.683115138 -105.105466 127.1907878 -105.105466 127.19078788
1.0         2.756369833 13.19756725 -229.148921 13.19756725 -229.1489214
1.0         1.125877976 -7.95027526 -9.81422917 -7.95027526 -9.814229174
1.0         0.311319079 .2074529494 -.088713153 .2074529494 -.0887131531
1.0         6.491907736 264.1031196 -370.724811
1.0         4.160413812 -288.970598 473.2578613
1.0         2.245543267 -190.803528 204.6905051
1.0         0.964971886 -7.09711210 -4.68288765
1.0         6.683115138 -105.105466 127.1907878
1.0         2.756369833 13.19756725 -229.148921
1.0         1.125877976 -7.95027526 -9.81422917
1.0         0.311319079 .2074529494 -.088713153
1.0         74.02320857 -7989.49081 -5471.63171
1.0         13.83026920 -1125.40800 -1775.23237
1.0         4.264154272 267.4078523 -718.026119
1.0         1.591867442 -75.3687782 -105.793989
1.0         0.575161108 -4.08785014 -8.41132419
1.0         0.220233713 -.265803321 -.564589147
1.0         0.079694231 -.009709536 -.018703796
1.0         6.683115138 -105.105466 127.1907878
1.0         2.756369833 13.19756725 -229.148921
1.0         1.125877976 -7.95027526 -9.81422917
1.0         0.311319079 .2074529494 -.088713153
1.0         32.32750221 866.6690430 870.3878571
1.0         8.704593350 149.3972253 148.5993652
1.0         0.931980778 -.134077902 -.097354889
1.0         0.073994574 -.000144654 -.000267436
1.0         1.423843084 0.083116116
1.0         0.596774528 0.018832919
1.0         0.268686868 0.004096506
1.0         0.127174933 0.000769936
1.0         0.061652599 0.000093233
1.0         0.029491068 0.000003895
1.0         8.449331537 -0.30312997
1.0         2.880725636 1.026171024
1.0         1.306809911 0.166709774
