  1  1  1  1  0  1  1  1  1  1  1  1  1  1
  0
  5  0  0  0  0  0  7  0  0  0  0
    5.2570   1184.2039      0.3050     -1.3544     -0.7138      0.6885
-1184.2039      0.1958   -347.3234    -65.4128   -325.7844    369.6756
    0.1958      0.9117    -61.3208   -149.4350     59.1306     33.9529
    0.9117      0.0351    -10.9900    -17.0908     -4.6296      8.8749
    0.0351      2.2208      0.3050     -1.3544     -0.7138      0.6885
   -2.2208      0.2839  -7989.4908  -5471.6317
    0.2839      0.1575  -1125.4080  -1775.2324
   -0.1575      2.0297    267.4079   -718.0261
   -2.0297      0.4034    -75.3688   -105.7940
   -0.4034      2.7413     -4.0879     -8.4113
    2.7413      0.7379     -0.2658     -0.5646
   -0.7379      0.0008     -0.0097     -0.0187
