  1  1  1  1
  0
 14 
 1.00000     129.600     26.1329     19.4706     12.5557     7.51900    
 1.00000     51.3500    -64.0230    -30.8001    -2.53336     17.9886    
 1.00000     29.4700     108.251     67.2424     19.6857    -12.5682    
 1.00000     13.4200    -55.1057    -100.276    -3.55800     46.5287    
 1.00000     8.21400     426.775     432.824     55.5428    -176.397    
 1.00000     4.44700     2865.59     825.508     17.9260    -648.648    
 1.00000     2.93900    -1157.97    -703.552    -22.9140     413.117    
 1.00000     1.69000     357.624    -33.6326    -39.9175    -73.2941    
 1.00000     1.18500    -256.569    -76.4420     12.2784     63.1456    
 1.00000    0.843000     75.5050    -4.15472    -16.7244    -19.2486    
 1.00000    0.500100    -30.3269    -11.7716    -2.92586     3.72144    
 1.00000    0.257400    0.986615    -5.08092    -3.83942    -.520840    
 1.00000    0.138500    -.794073    -.788812    -.434140    0.289920E-01
 1.00000    0.714300E-010.471210E-01-.764196    -.479057    0.118582    
