  1  1  1  1  1  1  1  1  1  1  1  1  1  1  1  1
  0
  5  3  0  0  3  0  4
 1.000000000  18.8284119 -5915.19609  6822.43341  1288.35991 -2286.97344   - central [V0] = MeV
 1.000000000  6.18677678 -534.055482  1785.07063  708.589731 -831.184944
 1.000000000  2.09001092  105.086606 -256.074904 -26.7889460  56.8067934
 1.000000000   .70261139 -12.3547052 -34.9996624 -13.3456417  27.6203046
 1.000000000   .11333890   .57157285 -2.15119982 -1.09912622  1.11041206
 1.000000000  12.4523699 -79.9293124   .00000000   .00000000  3.67037030   - p**2    [V0] = MeV fm^-2
 1.000000000  3.81850383 -53.3943460   .00000000   .00000000  2.46676631
 1.000000000  1.32306029 -7.00391461   .00000000   .00000000  1.07469025
 1.000000000  17.8723226 -3968.61418  1320.51433                           -
 1.000000000  5.37940040 -1178.32120  651.524865
 1.000000000  1.83059230 -90.8397892  81.6233658
 1.000000000  4.43273010 -423.899625 -92.8742343                           - TENSOR
 1.000000000  1.40421307 -44.1130504 -86.7227529
 1.000000000   .46432184 -3.24151067 -6.34194138
 1.000000000   .13777316   -.0891783  -.18476248
