  1  1  1  1  1  1  1  1  1  1  1  1  1  1  1  0  0
 25 25 25 40 40 40 40 64 64 64 64 64 64 64
   +0.133679    0.651958    0.651958
   +0.004832    0.651958    0.263954
   -8.538819    0.651958    5.994480
   +6.910636    0.651958    2.602797
   +1.494856    0.651958    1.402284
   +0.004832    0.263954    0.651958
   +0.000175    0.263954    0.263954
   -0.308645    0.263954    5.994480
   +0.249792    0.263954    2.602797
   +0.054033    0.263954    1.402284
   -8.538819    5.994480    0.651958
   -0.308645    5.994480    0.263954
 +545.423469    5.994480    5.994480
 -441.422060    5.994480    2.602797
  -95.485040    5.994480    1.402284
   +6.910636    2.602797    0.651958
   +0.249792    2.602797    0.263954
 -441.422060    2.602797    5.994480
 +357.251651    2.602797    2.602797
  +77.277942    2.602797    1.402284
   +1.494856    1.402284    0.651958
   +0.054033    1.402284    0.263954
  -95.485040    1.402284    5.994480
  +77.277942    1.402284    2.602797
  +16.716173    1.402284    1.402284
   -0.002522   81.003937   81.003937
   +0.006844   81.003937    0.755636
   +0.002172   81.003937    0.206771
   -0.006310   81.003937    6.817729
   +0.000285   81.003937    0.061771
   +0.006844    0.755636   81.003937
   -0.018573    0.755636    0.755636
   -0.005894    0.755636    0.206771
   +0.017125    0.755636    6.817729
   -0.000772    0.755636    0.061771
   +0.002172    0.206771   81.003937
   -0.005894    0.206771    0.755636
   -0.001870    0.206771    0.206771
   +0.005434    0.206771    6.817729
   -0.000245    0.206771    0.061771
   -0.006310    6.817729   81.003937
   +0.017125    6.817729    0.755636
   +0.005434    6.817729    0.206771
   -0.015789    6.817729    6.817729
   +0.000712    6.817729    0.061771
   +0.000285    0.061771   81.003937
   -0.000772    0.061771    0.755636
   -0.000245    0.061771    0.206771
   +0.000712    0.061771    6.817729
   -0.000032    0.061771    0.061771
   -0.002522   81.003937   81.003937
   +0.006844   81.003937    0.755636
   +0.002172   81.003937    0.206771
   -0.006310   81.003937    6.817729
   +0.000285   81.003937    0.061771
   +0.006844    0.755636   81.003937
   -0.018573    0.755636    0.755636
   -0.005894    0.755636    0.206771
   +0.017125    0.755636    6.817729
   -0.000772    0.755636    0.061771
   +0.002172    0.206771   81.003937
   -0.005894    0.206771    0.755636
   -0.001870    0.206771    0.206771
   +0.005434    0.206771    6.817729
   -0.000245    0.206771    0.061771
   -0.006310    6.817729   81.003937
   +0.017125    6.817729    0.755636
   +0.005434    6.817729    0.206771
   -0.015789    6.817729    6.817729
   +0.000712    6.817729    0.061771
   +0.000285    0.061771   81.003937
   -0.000772    0.061771    0.755636
   -0.000245    0.061771    0.206771
   +0.000712    0.061771    6.817729
   -0.000032    0.061771    0.061771
   +2.914558   81.003937   99.823600
   +1.085035   81.003937   23.853200
   +0.571242   81.003937    7.732220
   +0.408330   81.003937    3.149060
   +0.118414   81.003937    1.525790
   +0.014810   81.003937    0.670389
   +0.001351   81.003937    0.275529
   +0.000060   81.003937    0.100981
   -7.909814    0.755636   99.823600
   -2.944675    0.755636   23.853200
   -1.550293    0.755636    7.732220
   -1.108166    0.755636    3.149060
   -0.321365    0.755636    1.525790
   -0.040192    0.755636    0.670389
   -0.003668    0.755636    0.275529
   -0.000164    0.755636    0.100981
   -2.509940    0.206771   99.823600
   -0.934403    0.206771   23.853200
   -0.491938    0.206771    7.732220
   -0.351643    0.206771    3.149060
   -0.101975    0.206771    1.525790
   -0.012754    0.206771    0.670389
   -0.001164    0.206771    0.275529
   -0.000052    0.206771    0.100981
   +7.292892    6.817729   99.823600
   +2.715006    6.817729   23.853200
   +1.429378    6.817729    7.732220
   +1.021735    6.817729    3.149060
   +0.296300    6.817729    1.525790
   +0.037057    6.817729    0.670389
   +0.003382    6.817729    0.275529
   +0.000151    6.817729    0.100981
   -0.328876    0.061771   99.823600
   -0.122434    0.061771   23.853200
   -0.064458    0.061771    7.732220
   -0.046076    0.061771    3.149060
   -0.013362    0.061771    1.525790
   -0.001671    0.061771    0.670389
   -0.000152    0.061771    0.275529
   -0.000007    0.061771    0.100981
   +2.914558   99.823600   81.003937
   -7.909814   99.823600    0.755636
   -2.509940   99.823600    0.206771
   +7.292892   99.823600    6.817729
   -0.328876   99.823600    0.061771
   +1.085035   23.853200   81.003937
   -2.944675   23.853200    0.755636
   -0.934403   23.853200    0.206771
   +2.715006   23.853200    6.817729
   -0.122434   23.853200    0.061771
   +0.571242    7.732220   81.003937
   -1.550293    7.732220    0.755636
   -0.491938    7.732220    0.206771
   +1.429378    7.732220    6.817729
   -0.064458    7.732220    0.061771
   +0.408330    3.149060   81.003937
   -1.108166    3.149060    0.755636
   -0.351643    3.149060    0.206771
   +1.021735    3.149060    6.817729
   -0.046076    3.149060    0.061771
   +0.118414    1.525790   81.003937
   -0.321365    1.525790    0.755636
   -0.101975    1.525790    0.206771
   +0.296300    1.525790    6.817729
   -0.013362    1.525790    0.061771
   +0.014810    0.670389   81.003937
   -0.040192    0.670389    0.755636
   -0.012754    0.670389    0.206771
   +0.037057    0.670389    6.817729
   -0.001671    0.670389    0.061771
   +0.001351    0.275529   81.003937
   -0.003668    0.275529    0.755636
   -0.001164    0.275529    0.206771
   +0.003382    0.275529    6.817729
   -0.000152    0.275529    0.061771
   +0.000060    0.100981   81.003937
   -0.000164    0.100981    0.755636
   -0.000052    0.100981    0.206771
   +0.000151    0.100981    6.817729
   -0.000007    0.100981    0.061771
   +2.914558   81.003937   99.823600
   +1.085035   81.003937   23.853200
   +0.571242   81.003937    7.732220
   +0.408330   81.003937    3.149060
   +0.118414   81.003937    1.525790
   +0.014810   81.003937    0.670389
   +0.001351   81.003937    0.275529
   +0.000060   81.003937    0.100981
   -7.909814    0.755636   99.823600
   -2.944675    0.755636   23.853200
   -1.550293    0.755636    7.732220
   -1.108166    0.755636    3.149060
   -0.321365    0.755636    1.525790
   -0.040192    0.755636    0.670389
   -0.003668    0.755636    0.275529
   -0.000164    0.755636    0.100981
   -2.509940    0.206771   99.823600
   -0.934403    0.206771   23.853200
   -0.491938    0.206771    7.732220
   -0.351643    0.206771    3.149060
   -0.101975    0.206771    1.525790
   -0.012754    0.206771    0.670389
   -0.001164    0.206771    0.275529
   -0.000052    0.206771    0.100981
   +7.292892    6.817729   99.823600
   +2.715006    6.817729   23.853200
   +1.429378    6.817729    7.732220
   +1.021735    6.817729    3.149060
   +0.296300    6.817729    1.525790
   +0.037057    6.817729    0.670389
   +0.003382    6.817729    0.275529
   +0.000151    6.817729    0.100981
   -0.328876    0.061771   99.823600
   -0.122434    0.061771   23.853200
   -0.064458    0.061771    7.732220
   -0.046076    0.061771    3.149060
   -0.013362    0.061771    1.525790
   -0.001671    0.061771    0.670389
   -0.000152    0.061771    0.275529
   -0.000007    0.061771    0.100981
   +2.914558   99.823600   81.003937
   -7.909814   99.823600    0.755636
   -2.509940   99.823600    0.206771
   +7.292892   99.823600    6.817729
   -0.328876   99.823600    0.061771
   +1.085035   23.853200   81.003937
   -2.944675   23.853200    0.755636
   -0.934403   23.853200    0.206771
   +2.715006   23.853200    6.817729
   -0.122434   23.853200    0.061771
   +0.571242    7.732220   81.003937
   -1.550293    7.732220    0.755636
   -0.491938    7.732220    0.206771
   +1.429378    7.732220    6.817729
   -0.064458    7.732220    0.061771
   +0.408330    3.149060   81.003937
   -1.108166    3.149060    0.755636
   -0.351643    3.149060    0.206771
   +1.021735    3.149060    6.817729
   -0.046076    3.149060    0.061771
   +0.118414    1.525790   81.003937
   -0.321365    1.525790    0.755636
   -0.101975    1.525790    0.206771
   +0.296300    1.525790    6.817729
   -0.013362    1.525790    0.061771
   +0.014810    0.670389   81.003937
   -0.040192    0.670389    0.755636
   -0.012754    0.670389    0.206771
   +0.037057    0.670389    6.817729
   -0.001671    0.670389    0.061771
   +0.001351    0.275529   81.003937
   -0.003668    0.275529    0.755636
   -0.001164    0.275529    0.206771
   +0.003382    0.275529    6.817729
   -0.000152    0.275529    0.061771
   +0.000060    0.100981   81.003937
   -0.000164    0.100981    0.755636
   -0.000052    0.100981    0.206771
   +0.000151    0.100981    6.817729
   -0.000007    0.100981    0.061771
-3368.556152   99.823600   99.823600
-1254.049985   99.823600   23.853200
 -660.223852   99.823600    7.732220
 -471.935046   99.823600    3.149060
 -136.859733   99.823600    1.525790
  -17.116532   99.823600    0.670389
   -1.561977   99.823600    0.275529
   -0.069840   99.823600    0.100981
-1254.049985   23.853200   99.823600
 -466.859181   23.853200   23.853200
 -245.788900   23.853200    7.732220
 -175.692525   23.853200    3.149060
  -50.950300   23.853200    1.525790
   -6.372162   23.853200    0.670389
   -0.581494   23.853200    0.275529
   -0.026000   23.853200    0.100981
 -660.223852    7.732220   99.823600
 -245.788900    7.732220   23.853200
 -129.401297    7.732220    7.732220
  -92.497426    7.732220    3.149060
  -26.823973    7.732220    1.525790
   -3.354773    7.732220    0.670389
   -0.306141    7.732220    0.275529
   -0.013688    7.732220    0.100981
 -471.935046    3.149060   99.823600
 -175.692525    3.149060   23.853200
  -92.497426    3.149060    7.732220
  -66.118146    3.149060    3.149060
  -19.174062    3.149060    1.525790
   -2.398028    3.149060    0.670389
   -0.218833    3.149060    0.275529
   -0.009785    3.149060    0.100981
 -136.859733    1.525790   99.823600
  -50.950300    1.525790   23.853200
  -26.823973    1.525790    7.732220
  -19.174062    1.525790    3.149060
   -5.560420    1.525790    1.525790
   -0.695421    1.525790    0.670389
   -0.063461    1.525790    0.275529
   -0.002837    1.525790    0.100981
  -17.116532    0.670389   99.823600
   -6.372162    0.670389   23.853200
   -3.354773    0.670389    7.732220
   -2.398028    0.670389    3.149060
   -0.695421    0.670389    1.525790
   -0.086974    0.670389    0.670389
   -0.007937    0.670389    0.275529
   -0.000355    0.670389    0.100981
   -1.561977    0.275529   99.823600
   -0.581494    0.275529   23.853200
   -0.306141    0.275529    7.732220
   -0.218833    0.275529    3.149060
   -0.063461    0.275529    1.525790
   -0.007937    0.275529    0.670389
   -0.000724    0.275529    0.275529
   -0.000032    0.275529    0.100981
   -0.069840    0.100981   99.823600
   -0.026000    0.100981   23.853200
   -0.013688    0.100981    7.732220
   -0.009785    0.100981    3.149060
   -0.002837    0.100981    1.525790
   -0.000355    0.100981    0.670389
   -0.000032    0.100981    0.275529
   -0.000001    0.100981    0.100981
-3368.556152   99.823600   99.823600
-1254.049985   99.823600   23.853200
 -660.223852   99.823600    7.732220
 -471.935046   99.823600    3.149060
 -136.859733   99.823600    1.525790
  -17.116532   99.823600    0.670389
   -1.561977   99.823600    0.275529
   -0.069840   99.823600    0.100981
-1254.049985   23.853200   99.823600
 -466.859181   23.853200   23.853200
 -245.788900   23.853200    7.732220
 -175.692525   23.853200    3.149060
  -50.950300   23.853200    1.525790
   -6.372162   23.853200    0.670389
   -0.581494   23.853200    0.275529
   -0.026000   23.853200    0.100981
 -660.223852    7.732220   99.823600
 -245.788900    7.732220   23.853200
 -129.401297    7.732220    7.732220
  -92.497426    7.732220    3.149060
  -26.823973    7.732220    1.525790
   -3.354773    7.732220    0.670389
   -0.306141    7.732220    0.275529
   -0.013688    7.732220    0.100981
 -471.935046    3.149060   99.823600
 -175.692525    3.149060   23.853200
  -92.497426    3.149060    7.732220
  -66.118146    3.149060    3.149060
  -19.174062    3.149060    1.525790
   -2.398028    3.149060    0.670389
   -0.218833    3.149060    0.275529
   -0.009785    3.149060    0.100981
 -136.859733    1.525790   99.823600
  -50.950300    1.525790   23.853200
  -26.823973    1.525790    7.732220
  -19.174062    1.525790    3.149060
   -5.560420    1.525790    1.525790
   -0.695421    1.525790    0.670389
   -0.063461    1.525790    0.275529
   -0.002837    1.525790    0.100981
  -17.116532    0.670389   99.823600
   -6.372162    0.670389   23.853200
   -3.354773    0.670389    7.732220
   -2.398028    0.670389    3.149060
   -0.695421    0.670389    1.525790
   -0.086974    0.670389    0.670389
   -0.007937    0.670389    0.275529
   -0.000355    0.670389    0.100981
   -1.561977    0.275529   99.823600
   -0.581494    0.275529   23.853200
   -0.306141    0.275529    7.732220
   -0.218833    0.275529    3.149060
   -0.063461    0.275529    1.525790
   -0.007937    0.275529    0.670389
   -0.000724    0.275529    0.275529
   -0.000032    0.275529    0.100981
   -0.069840    0.100981   99.823600
   -0.026000    0.100981   23.853200
   -0.013688    0.100981    7.732220
   -0.009785    0.100981    3.149060
   -0.002837    0.100981    1.525790
   -0.000355    0.100981    0.670389
   -0.000032    0.100981    0.275529
   -0.000001    0.100981    0.100981
-3368.556152   99.823600   99.823600
-1254.049985   99.823600   23.853200
 -660.223852   99.823600    7.732220
 -471.935046   99.823600    3.149060
 -136.859733   99.823600    1.525790
  -17.116532   99.823600    0.670389
   -1.561977   99.823600    0.275529
   -0.069840   99.823600    0.100981
-1254.049985   23.853200   99.823600
 -466.859181   23.853200   23.853200
 -245.788900   23.853200    7.732220
 -175.692525   23.853200    3.149060
  -50.950300   23.853200    1.525790
   -6.372162   23.853200    0.670389
   -0.581494   23.853200    0.275529
   -0.026000   23.853200    0.100981
 -660.223852    7.732220   99.823600
 -245.788900    7.732220   23.853200
 -129.401297    7.732220    7.732220
  -92.497426    7.732220    3.149060
  -26.823973    7.732220    1.525790
   -3.354773    7.732220    0.670389
   -0.306141    7.732220    0.275529
   -0.013688    7.732220    0.100981
 -471.935046    3.149060   99.823600
 -175.692525    3.149060   23.853200
  -92.497426    3.149060    7.732220
  -66.118146    3.149060    3.149060
  -19.174062    3.149060    1.525790
   -2.398028    3.149060    0.670389
   -0.218833    3.149060    0.275529
   -0.009785    3.149060    0.100981
 -136.859733    1.525790   99.823600
  -50.950300    1.525790   23.853200
  -26.823973    1.525790    7.732220
  -19.174062    1.525790    3.149060
   -5.560420    1.525790    1.525790
   -0.695421    1.525790    0.670389
   -0.063461    1.525790    0.275529
   -0.002837    1.525790    0.100981
  -17.116532    0.670389   99.823600
   -6.372162    0.670389   23.853200
   -3.354773    0.670389    7.732220
   -2.398028    0.670389    3.149060
   -0.695421    0.670389    1.525790
   -0.086974    0.670389    0.670389
   -0.007937    0.670389    0.275529
   -0.000355    0.670389    0.100981
   -1.561977    0.275529   99.823600
   -0.581494    0.275529   23.853200
   -0.306141    0.275529    7.732220
   -0.218833    0.275529    3.149060
   -0.063461    0.275529    1.525790
   -0.007937    0.275529    0.670389
   -0.000724    0.275529    0.275529
   -0.000032    0.275529    0.100981
   -0.069840    0.100981   99.823600
   -0.026000    0.100981   23.853200
   -0.013688    0.100981    7.732220
   -0.009785    0.100981    3.149060
   -0.002837    0.100981    1.525790
   -0.000355    0.100981    0.670389
   -0.000032    0.100981    0.275529
   -0.000001    0.100981    0.100981
-3368.556152   99.823600   99.823600
-1254.049985   99.823600   23.853200
 -660.223852   99.823600    7.732220
 -471.935046   99.823600    3.149060
 -136.859733   99.823600    1.525790
  -17.116532   99.823600    0.670389
   -1.561977   99.823600    0.275529
   -0.069840   99.823600    0.100981
-1254.049985   23.853200   99.823600
 -466.859181   23.853200   23.853200
 -245.788900   23.853200    7.732220
 -175.692525   23.853200    3.149060
  -50.950300   23.853200    1.525790
   -6.372162   23.853200    0.670389
   -0.581494   23.853200    0.275529
   -0.026000   23.853200    0.100981
 -660.223852    7.732220   99.823600
 -245.788900    7.732220   23.853200
 -129.401297    7.732220    7.732220
  -92.497426    7.732220    3.149060
  -26.823973    7.732220    1.525790
   -3.354773    7.732220    0.670389
   -0.306141    7.732220    0.275529
   -0.013688    7.732220    0.100981
 -471.935046    3.149060   99.823600
 -175.692525    3.149060   23.853200
  -92.497426    3.149060    7.732220
  -66.118146    3.149060    3.149060
  -19.174062    3.149060    1.525790
   -2.398028    3.149060    0.670389
   -0.218833    3.149060    0.275529
   -0.009785    3.149060    0.100981
 -136.859733    1.525790   99.823600
  -50.950300    1.525790   23.853200
  -26.823973    1.525790    7.732220
  -19.174062    1.525790    3.149060
   -5.560420    1.525790    1.525790
   -0.695421    1.525790    0.670389
   -0.063461    1.525790    0.275529
   -0.002837    1.525790    0.100981
  -17.116532    0.670389   99.823600
   -6.372162    0.670389   23.853200
   -3.354773    0.670389    7.732220
   -2.398028    0.670389    3.149060
   -0.695421    0.670389    1.525790
   -0.086974    0.670389    0.670389
   -0.007937    0.670389    0.275529
   -0.000355    0.670389    0.100981
   -1.561977    0.275529   99.823600
   -0.581494    0.275529   23.853200
   -0.306141    0.275529    7.732220
   -0.218833    0.275529    3.149060
   -0.063461    0.275529    1.525790
   -0.007937    0.275529    0.670389
   -0.000724    0.275529    0.275529
   -0.000032    0.275529    0.100981
   -0.069840    0.100981   99.823600
   -0.026000    0.100981   23.853200
   -0.013688    0.100981    7.732220
   -0.009785    0.100981    3.149060
   -0.002837    0.100981    1.525790
   -0.000355    0.100981    0.670389
   -0.000032    0.100981    0.275529
   -0.000001    0.100981    0.100981
-3368.556152   99.823600   99.823600
-1254.049985   99.823600   23.853200
 -660.223852   99.823600    7.732220
 -471.935046   99.823600    3.149060
 -136.859733   99.823600    1.525790
  -17.116532   99.823600    0.670389
   -1.561977   99.823600    0.275529
   -0.069840   99.823600    0.100981
-1254.049985   23.853200   99.823600
 -466.859181   23.853200   23.853200
 -245.788900   23.853200    7.732220
 -175.692525   23.853200    3.149060
  -50.950300   23.853200    1.525790
   -6.372162   23.853200    0.670389
   -0.581494   23.853200    0.275529
   -0.026000   23.853200    0.100981
 -660.223852    7.732220   99.823600
 -245.788900    7.732220   23.853200
 -129.401297    7.732220    7.732220
  -92.497426    7.732220    3.149060
  -26.823973    7.732220    1.525790
   -3.354773    7.732220    0.670389
   -0.306141    7.732220    0.275529
   -0.013688    7.732220    0.100981
 -471.935046    3.149060   99.823600
 -175.692525    3.149060   23.853200
  -92.497426    3.149060    7.732220
  -66.118146    3.149060    3.149060
  -19.174062    3.149060    1.525790
   -2.398028    3.149060    0.670389
   -0.218833    3.149060    0.275529
   -0.009785    3.149060    0.100981
 -136.859733    1.525790   99.823600
  -50.950300    1.525790   23.853200
  -26.823973    1.525790    7.732220
  -19.174062    1.525790    3.149060
   -5.560420    1.525790    1.525790
   -0.695421    1.525790    0.670389
   -0.063461    1.525790    0.275529
   -0.002837    1.525790    0.100981
  -17.116532    0.670389   99.823600
   -6.372162    0.670389   23.853200
   -3.354773    0.670389    7.732220
   -2.398028    0.670389    3.149060
   -0.695421    0.670389    1.525790
   -0.086974    0.670389    0.670389
   -0.007937    0.670389    0.275529
   -0.000355    0.670389    0.100981
   -1.561977    0.275529   99.823600
   -0.581494    0.275529   23.853200
   -0.306141    0.275529    7.732220
   -0.218833    0.275529    3.149060
   -0.063461    0.275529    1.525790
   -0.007937    0.275529    0.670389
   -0.000724    0.275529    0.275529
   -0.000032    0.275529    0.100981
   -0.069840    0.100981   99.823600
   -0.026000    0.100981   23.853200
   -0.013688    0.100981    7.732220
   -0.009785    0.100981    3.149060
   -0.002837    0.100981    1.525790
   -0.000355    0.100981    0.670389
   -0.000032    0.100981    0.275529
   -0.000001    0.100981    0.100981
-3368.556152   99.823600   99.823600
-1254.049985   99.823600   23.853200
 -660.223852   99.823600    7.732220
 -471.935046   99.823600    3.149060
 -136.859733   99.823600    1.525790
  -17.116532   99.823600    0.670389
   -1.561977   99.823600    0.275529
   -0.069840   99.823600    0.100981
-1254.049985   23.853200   99.823600
 -466.859181   23.853200   23.853200
 -245.788900   23.853200    7.732220
 -175.692525   23.853200    3.149060
  -50.950300   23.853200    1.525790
   -6.372162   23.853200    0.670389
   -0.581494   23.853200    0.275529
   -0.026000   23.853200    0.100981
 -660.223852    7.732220   99.823600
 -245.788900    7.732220   23.853200
 -129.401297    7.732220    7.732220
  -92.497426    7.732220    3.149060
  -26.823973    7.732220    1.525790
   -3.354773    7.732220    0.670389
   -0.306141    7.732220    0.275529
   -0.013688    7.732220    0.100981
 -471.935046    3.149060   99.823600
 -175.692525    3.149060   23.853200
  -92.497426    3.149060    7.732220
  -66.118146    3.149060    3.149060
  -19.174062    3.149060    1.525790
   -2.398028    3.149060    0.670389
   -0.218833    3.149060    0.275529
   -0.009785    3.149060    0.100981
 -136.859733    1.525790   99.823600
  -50.950300    1.525790   23.853200
  -26.823973    1.525790    7.732220
  -19.174062    1.525790    3.149060
   -5.560420    1.525790    1.525790
   -0.695421    1.525790    0.670389
   -0.063461    1.525790    0.275529
   -0.002837    1.525790    0.100981
  -17.116532    0.670389   99.823600
   -6.372162    0.670389   23.853200
   -3.354773    0.670389    7.732220
   -2.398028    0.670389    3.149060
   -0.695421    0.670389    1.525790
   -0.086974    0.670389    0.670389
   -0.007937    0.670389    0.275529
   -0.000355    0.670389    0.100981
   -1.561977    0.275529   99.823600
   -0.581494    0.275529   23.853200
   -0.306141    0.275529    7.732220
   -0.218833    0.275529    3.149060
   -0.063461    0.275529    1.525790
   -0.007937    0.275529    0.670389
   -0.000724    0.275529    0.275529
   -0.000032    0.275529    0.100981
   -0.069840    0.100981   99.823600
   -0.026000    0.100981   23.853200
   -0.013688    0.100981    7.732220
   -0.009785    0.100981    3.149060
   -0.002837    0.100981    1.525790
   -0.000355    0.100981    0.670389
   -0.000032    0.100981    0.275529
   -0.000001    0.100981    0.100981
-3368.556152   99.823600   99.823600
-1254.049985   99.823600   23.853200
 -660.223852   99.823600    7.732220
 -471.935046   99.823600    3.149060
 -136.859733   99.823600    1.525790
  -17.116532   99.823600    0.670389
   -1.561977   99.823600    0.275529
   -0.069840   99.823600    0.100981
-1254.049985   23.853200   99.823600
 -466.859181   23.853200   23.853200
 -245.788900   23.853200    7.732220
 -175.692525   23.853200    3.149060
  -50.950300   23.853200    1.525790
   -6.372162   23.853200    0.670389
   -0.581494   23.853200    0.275529
   -0.026000   23.853200    0.100981
 -660.223852    7.732220   99.823600
 -245.788900    7.732220   23.853200
 -129.401297    7.732220    7.732220
  -92.497426    7.732220    3.149060
  -26.823973    7.732220    1.525790
   -3.354773    7.732220    0.670389
   -0.306141    7.732220    0.275529
   -0.013688    7.732220    0.100981
 -471.935046    3.149060   99.823600
 -175.692525    3.149060   23.853200
  -92.497426    3.149060    7.732220
  -66.118146    3.149060    3.149060
  -19.174062    3.149060    1.525790
   -2.398028    3.149060    0.670389
   -0.218833    3.149060    0.275529
   -0.009785    3.149060    0.100981
 -136.859733    1.525790   99.823600
  -50.950300    1.525790   23.853200
  -26.823973    1.525790    7.732220
  -19.174062    1.525790    3.149060
   -5.560420    1.525790    1.525790
   -0.695421    1.525790    0.670389
   -0.063461    1.525790    0.275529
   -0.002837    1.525790    0.100981
  -17.116532    0.670389   99.823600
   -6.372162    0.670389   23.853200
   -3.354773    0.670389    7.732220
   -2.398028    0.670389    3.149060
   -0.695421    0.670389    1.525790
   -0.086974    0.670389    0.670389
   -0.007937    0.670389    0.275529
   -0.000355    0.670389    0.100981
   -1.561977    0.275529   99.823600
   -0.581494    0.275529   23.853200
   -0.306141    0.275529    7.732220
   -0.218833    0.275529    3.149060
   -0.063461    0.275529    1.525790
   -0.007937    0.275529    0.670389
   -0.000724    0.275529    0.275529
   -0.000032    0.275529    0.100981
   -0.069840    0.100981   99.823600
   -0.026000    0.100981   23.853200
   -0.013688    0.100981    7.732220
   -0.009785    0.100981    3.149060
   -0.002837    0.100981    1.525790
   -0.000355    0.100981    0.670389
   -0.000032    0.100981    0.275529
   -0.000001    0.100981    0.100981
